0,424
0,422
0,415
0,412
126,0
14,0
465,2
465,0
471,5
471,4
471,2
471,0
463,2
463,0
469,5
469,4
469,2
469,0
467,4
467,2
467,0
460,5
460,4
460,2
460,0
0,278
0,9
466,4
466,2
466,0
506,49
506,48
506,47
506,46
506,45
506,44
506,43
506,42
506,41
506,40
506,39
506,38
506,37
506,36
506,35
0,273
0,270
3,2
10,105
10,307
10,35
10,81
10,15
10,101
10,31
11,20
11,14
11,16
8,9
8,5
8,2
0,392
471,3
471,1
469,3
469,1
467,3
467,1
466,3
466,1
465,3
465,1
463,3
463,1
460,3
460,1
147,3
147,1
145,3
145,1
133,3
133,1
129,3
129,1
127,3
127,1
126,3
126,1
109,3
109,1
20,3
20,2
20,1
19,3
19,2
19,1
17,3
17,2
17,1
16,3
16,2
16,1
15,3
15,2
15,1
14,9
14,4
14,2
13,2
12,3
12,2
12,1
11,30
11,29
11,28
11,27
11,26
11,25
11,24
11,23
11,22
11,21
11,19
11,18
11,17
11,15
11,13
11,11
11,8
11,5
11,3
11,2
11,1
10,310
10,238
10,207
10,201
10,182
10,164
10,156
10,135
10,129
10,124
18,1
18,3
10,87
10,79
14,1
14,8
10,25
14,3
10,24
13,1
13,3
10,21
10,18
10,3
10,2
10,1
